anise              897     24    129    269     43   1296    271     26    835    461    344    288    541     31     74    131    269    997    576    140     53    298    388    933    428    163    390    520    267    788    571     48    914    253     58    574     57    463    127   1127    284    211    227    782     16    197    149    838     24     82     48    151     41    252    622    704    933    708    771    121 
apricot            174      3     26     54     17    258     84      8    195    103     82     63     98      8     13     36     56    195    150     36      7     71     68    212     96     32     89    118     58    144    129     14    204     48     15    118     16     90     24    233     72     43     51    169      3     42     38    171      6     23     15     26      6     66    155    172    178    150    153     27 
artichoke          842   3444   4036   1119   5814   2268   7005   3633   2863    355   2184    287   1454   4316    730    163   2631   1824   5850   2710   8380   4387   4868   1420   2986    571   3801   1438    503    550   2572   3158   1294     38   8531   2244   2162   7010   5495   1603   1192   3387   2311   3589   7938    676   4394   4225   7452   5270     20   8081   1374   1928   3728   1754   1158   2876    834   3088 
arugula           3160   2495   7246   9751   2775    382    395   9203   3561   8141   2558  10055   8786   4989   4435  10999   7039   2165    703   7261   1798    872   4698   3140   5732   6656   3453    836   3028    232   2890   7183    477   4563   3227   4577    673      9   2320   2294   4168   3482   3434   1006   2161   3866   3917    126   2006   5797   8915   3983   9404   2158   2474   2728   1657   2242   5662   2315 
asparagus          567     14     93    157     40    815    188     16    511    277    258    190    335     30     53     83    159    631    391     98     26    182    225    636    283     95    259    352    167    510    332     31    574    178     41    350     37    280     83    721    189    131    136    459      8    116     98    525     14     46     31     99     18    165    440    462    603    416    476     69 
avocado            663   2731   3083    866   4686   1853   5474   2954   2316    289   1749    233   1209   3404    614    125   2009   1407   4650   2197   6720   3453   3822   1056   2610    451   2951   1183    386    423   1945   2506   1137     38   6684   1827   1697   5549   4364   1366    892   2691   1764   2786   6230    558   3501   3358   5988   4152     28   6476   1076   1588   2945   1417    982   2348    649   2504 
banana             265      8     33     70     19    337     82      6    218    119     96     69    131     10     14     42     71    262    154     36     13     97     98    260    118     50    116    144     57    178    150     18    243     73     17    140     11    120     32    314     68     53     76    216      5     54     42    236     13     22      9     36      4     66    184    177    246    169    202     25 
basil             1504   1149   3363   4473   1210    203    159   4172   1641   3577   1116   4471   3932   2341   2025   4966   3123    979    295   3323    849    390   2064   1412   2716   3065   1605    371   1390    105   1272   3115    182   2104   1514   2110    305      3   1011   1007   1852   1584   1543    416   1029   1721   1818     57    854   2573   4057   1808   4389    950   1136   1196    770   1045   2634    999 
beet               586   1405     13    213    892     29    553    368    178    165   1073    132      4   1001   1606    543    126    331    280    511    321   1305    237    426    206   1020    369   1465   1700   1462    740    898    822   1480    107    383   2180    552   1005    265   1383   1084   1202    219    543   1661    436    464    299    221    950     31    792   1331     55    750    389    517    253   1677 
blackberry         200    165    526    713    206     29     25    635    246    602    179    740    625    335    306    781    502    138     47    540    121     58    368    217    427    460    244     55    223     14    196    501     29    355    252    285     46      2    146    160    295    241    250     68    149    284    293     10    145    412    644    280    675    167    195    196     96    187    443    156 
blueberry          400    332    899   1279    384     43     47   1171    427   1067    324   1250   1148    610    519   1365    922    281     68    875    226    111    577    402    735    775    434    122    384     38    351    934     65    568    403    539     93      1    271    273    520    410    449    124    306    473    490     15    262    749   1079    493   1201    259    307    355    198    295    727    258 
broccoli          3198   7548     96   1106   4886    105   3020   1913   1007    849   6000    652     30   5406   8957   2956    732   1808   1572   2819   1951   6988   1421   2326   1182   5705   2139   8055   9201   8152   4298   4825   4795   8069    587   2086  11911   3273   5333   1550   7429   5908   6504   1156   2818   9133   2448   2534   1747   1224   5035    179   4147   7465    346   4236   2137   2727   1440   9276 
butternut          542   1337   2058   1223   2372    901   2620   2086   1327    816   1000    913   1255   1908    617    914   1497    844   2255   1560   3158   1758   2152    756   1611    778   1663    590    469    209   1155   1656    554    376   3416   1238    850   2580   2121    818    785   1546   1089   1329   3006    563   1942   1531   3022   2399    742   3243   1312    825   1551    844    578   1252    773   1277 
cabbage           3886  10005     99   1394   6192    156   3941   2481   1376   1091   7441    783     41   7090  11490   3791    947   2284   1972   3632   2441   8848   1867   3051   1484   7500   2678  10165  11702  10488   5380   6056   5957  10228    754   2614  15266   4019   6846   1940   9425   7293   8382   1389   3664  11892   3037   3182   2113   1556   6441    235   5471   9726    409   5226   2800   3424   1857  12059 
cantaloupe           9     29     46     11     55     18     72     39     35      2     20      5     12     39      7      2     20     28     47     30     93     42     46      7     27     12     34     17      3      6     24     28      9      1     92     19     16     63     59      9     19     28     23     32     68      5     59     38     80     54      0     72     12     11     30     17     11     32      8     33 
caraway            952     21    143    265     59   1365    270     33    948    505    375    293    543     45     73    179    264    967    598    188     58    303    407    957    447    197    417    533    257    789    526     60    999    277     72    621     57    492    142   1148    295    228    250    869     15    214    175    853     52     87     68    164     33    295    701    728   1003    603    822    115 
carrot             833     20    128    220     60   1234    274     28    853    447    320    272    515     31     59    165    276    901    580    159     62    286    338    851    399    154    401    498    244    710    546     42    861    247     52    558     68    492    119   1035    266    205    214    715     15    184    148    804     35     66     60    135     33    236    597    688    874    610    742    121 
cauliflower         40    186    221     58    348    154    373    208    143     32    125     24     87    254     32      9    171    108    330    136    458    269    300     85    200     31    198     86     18     25    155    186     68      2    526    128    104    409    334     88     68    203    146    195    506     51    246    220    408    305      2    480     90    133    222    102     70    167     61    162 
cayenne           1200   1034   2665   3624   1023    161    140   3500   1361   3014    987   3734   3338   1900   1654   4288   2650    809    253   2749    736    374   1750   1171   2135   2513   1302    322   1237     93   1081   2692    161   1816   1217   1648    263      1    902    861   1506   1270   1264    363    862   1507   1473     57    771   2240   3434   1481   3611    793    895    993    597    893   2098    796 
celery             350      9     39     94     27    527    139     12    356    205    147    107    212      9     32     62    141    392    254     80     21    119    166    402    169     71    170    227    117    313    219     17    400    130     25    225     22    170     57    441    114     79     84    329      6     78     61    310     16     45     23     71     11    116    266    309    411    276    334     59 
chard               55      1     12     11      4    106     26      1     55     35     29     18     35      3      1     20     16     64     32     11      1     14     26     72     35     15     32     44     18     51     39      5     62     12      6     34      5     26      9     64     17     19     15     66      1     19      8     50      0      9      2     12      2     19     41     36     68     45     55      9 
cherry             309      6     52     80     12    474     91      9    309    179    126    118    193     15     29     55    103    374    205     54     17    114    136    352    159     56    153    213     87    293    223     19    349     86     27    228     20    179     51    433     96     86     99    293      2     71     55    314     13     25     20     46     12     90    247    274    326    238    298     41 
chestnut           189    449      6     64    283      4    178    109     55     47    336     24      2    334    575    169     46    111     92    164    107    454     90    137     64    326    115    468    551    444    233    292    290    486     40    119    707    193    322     89    445    350    408     54    165    535    142    137     91     68    317     12    240    428     15    218    123    162     91    572 
chickpea           760     10    116    193     35   1103    258     35    761    405    278    240    435     40     60    135    252    825    521    141     46    232    312    802    365    145    352    464    214    674    425     36    778    218     53    490     60    383    127    973    244    187    210    643     14    155    135    697     28     79     40    125     28    202    539    577    782    519    658     98 
cilantro            46      0      5     17      2     81     14      4     70     22     26     19     35      3      2     12     15     49     34     11      1     17     24     46     28      9     25     35     15     48     37      4     55      9      5     31      4     22      4     80     26     16     12     48      2     11      5     35      2      3      5     13      2     13     40     40     45     37     42      4 
clementine         493   1213      6    189    743     23    478    297    178    115    963    109      5    864   1441    459    128    277    262    428    307   1124    218    414    203    927    362   1226   1516   1239    662    733    769   1285     88    300   1881    500    860    252   1169    881   1025    181    450   1518    351    403    278    216    770     31    635   1185     46    632    311    419    215   1533 
coconut            943     29    157    267     56   1324    299     33    947    436    375    311    559     35     55    153    271   1012    680    165     68    284    406   1003    410    142    406    568    303    897    618     66    962    275     79    577     57    486    129   1183    306    236    258    821     19    213    183    913     35     88     71    135     47    281    658    729    945    739    799    142 
coriander           39    242    275     63    396    151    500    269    199     25    170     20     87    291     58      5    197    117    389    187    556    305    320    100    213     44    234     97     30     37    166    217     93      0    627    165    139    474    371    121     86    211    155    279    540     52    305    280    520    377      2    527    105    116    273    119     69    198     62    211 
cranberry         5724    128    858   1510    343   8442   1797    183   5391   2933   2307   1810   3325    247    468   1043   1657   6079   3961   1022    337   1841   2443   6067   2698   1098   2494   3495   1603   5074   3557    356   6107   1671    449   3517    409   3135    900   7227   1873   1285   1512   4990     90   1181   1030   5293    224    565    381    906    173   1697   4217   4666   5926   4257   5002    764 
cucumber            41    160    212     62    279    106    354    163    162     13    105      8     79    228     32      7    137     81    306    150    415    223    258     83    163     30    215     69     28     42    130    175     69      3    394    106    105    359    271     72     59    169     90    206    381     42    212    198    378    261      0    406     75     83    171    102     65    161     36    149 
currant           1146   1001   2675   3551   1050    149    142   3412   1327   3061    917   3592   3202   1892   1613   4048   2630    795    274   2682    646    335   1771   1107   2097   2439   1297    317   1198    100   1096   2628    171   1694   1271   1635    268      2    837    819   1568   1249   1322    369    825   1472   1488     60    759   2157   3343   1422   3568    759    898    983    603    796   2132    785 
eggplant          2217     65    318    582    118   3095    674     64   2120   1109    832    682   1234     86    181    400    614   2263   1408    372    140    652    944   2303   1032    360   1001   1292    596   1850   1284    121   2257    615    156   1310    181   1096    303   2659    701    488    581   1818     38    389    398   1991     71    196    140    372     71    637   1559   1742   2236   1575   1868    284 
elderberry         779   3315   3896   1101   5825   2295   6983   3630   2787    350   2171    295   1501   4179    749    157   2618   1871   5917   2713   8194   4378   4720   1338   3210    580   3660   1510    553    532   2525   3084   1336     53   8549   2148   2214   6960   5488   1647   1194   3460   2256   3529   7950    666   4390   4217   7554   5109     31   7943   1373   1999   3792   1770   1194   2992    836   3166 
endive            1822     44    264    483    104   2646    592     57   1640    936    707    581   1045     81    145    327    518   1930   1220    322     87    585    750   1926    882    308    811   1059    515   1567   1121    128   1942    561    116   1143    133    932    287   2302    584    405    446   1529     28    340    337   1730     67    183    135    286     57    514   1339   1458   1870   1316   1530    250 
fennel            1003   2625   3881   2409   4327   1651   4729   3969   2472   1583   1849   1860   2431   3574   1206   1851   2800   1554   3952   2993   6030   3070   4069   1342   3093   1457   3057   1108    850    398   2125   3293    962    792   6214   2201   1599   4526   4077   1404   1354   2844   2077   2455   5617   1112   3606   2849   5344   4420   1509   6095   2439   1678   2902   1601   1058   2348   1429   2436 
fig               3132   2575   7089   9675   2596    338    395   8780   3523   8047   2528   9735   8414   4931   4230  10920   6853   2036    719   7054   1768    860   4606   3012   5741   6468   3474    777   3083    253   2736   7049    404   4388   3231   4227    677      5   2307   2161   4110   3344   3349    972   2155   3882   3827    116   2054   5641   8995   3742   9345   2094   2464   2660   1619   2207   5435   2185 
garlic             462   1202     12    180    713     17    463    316    168    117    877    107     11    852   1381    476    130    262    260    439    286   1112    216    329    206    939    324   1202   1462   1192    687    772    731   1228     97    317   1798    465    774    263   1139    855   1043    169    449   1497    364    409    253    189    789     24    674   1108     47    585    322    424    240   1409 
ginger            3025     69    442    770    150   4281    943     86   2711   1530   1156    911   1740    122    238    491    931   3073   2080    556    164    975   1188   3022   1463    478   1279   1678    901   2606   1769    164   3029    882    225   1830    240   1535    429   3659    972    683    761   2548     48    539    561   2630    120    273    186    485    101    862   2167   2310   3118   2054   2499    381 
gooseberry         240    567      8     76    401     12    248    130     58     71    458     45      1    412    668    237     64    136    117    213    151    560    102    179     92    424    169    619    701    667    345    380    357    610     63    148    900    222    402    109    572    403    497     80    217    693    163    187    107     87    353     18    293    569     23    320    168    196    112    687 
grape             1117     21    168    292     57   1565    357     38   1018    543    458    347    572     38     77    211    334   1159    724    197     63    323    439   1130    535    230    463    606    310    911    650     61   1185    336     59    697     72    571    139   1369    368    227    279    900     24    224    194    985     41    129     66    185     30    307    745    822   1133    811    913    163 
grapefruit        2088     56    336    508    112   3035    687     68   1938   1037    856    676   1252    102    150    365    601   2237   1394    383    112    664    800   2231    967    377    924   1187    543   1784   1212    116   2184    615    166   1300    173   1091    303   2575    602    452    529   1743     30    390    362   1982     64    181    120    329     65    611   1522   1636   2065   1479   1740    274 
guava              648   1605     16    203    954     22    640    392    215    173   1178    147      0   1127   1744    633    163    366    305    551    397   1393    312    515    255   1183    390   1572   1883   1727    804    909    930   1619    118    414   2517    649   1071    324   1479   1159   1313    204    565   1832    417    492    332    260   1041     45    784   1433     56    790    431    544    275   1828 
honeydew           458      9     76    151     21    701    149     17    419    238    160    146    274     22     32     83    131    518    310     87     28    134    193    454    202     88    217    271    125    376    289     28    504    134     28    287     37    229     66    608    151    110    118    376      6     94     85    414     11     36     26     67     14    127    318    373    521    356    389     55 
horseradish        317   1290   1498    442   2322    942   2748   1419   1138    135    848    125    575   1628    301     68    986    714   2351   1024   3243   1726   1787    511   1239    244   1437    599    197    177   1010   1236    526     22   3393    911    836   2758   2136    648    462   1344    903   1405   3019    250   1753   1625   3050   2029     18   3159    532    760   1521    660    438   1142    304   1266 
huckleberry        631   2603   3079    904   4474   1765   5384   2781   2146    269   1611    214   1152   3279    567    118   2074   1392   4490   2074   6263   3248   3776   1031   2458    436   2783   1132    402    472   1930   2507   1031     32   6635   1684   1601   5391   4270   1249    897   2549   1804   2763   5972    537   3474   3261   5822   3896     21   6048   1063   1523   2841   1398    906   2179    660   2438 
juniper            304    899     10    124    552     11    345    214    109     91    657     93      1    613   1061    354     77    188    178    297    224    808    164    298    137    657    235    870   1070    919    494    597    513    931     65    230   1403    387    586    192    834    666    740    114    348   1052    262    276    188    147    570     23    500    879     43    458    267    314    167   1049 
kiwi                67    310    314     99    450    189    595    281    228     24    176     39    131    348     60     14    219    166    472    211    645    351    417    110    264     43    281    110     56     38    201    243     88      1    737    180    153    563    450    129     88    253    166    326    648     54    372    335    640    408      1    690    109    177    336    151     96    244     66    237 
kohlrabi           142    605    664    189   1021    414   1195    626    470     72    365     64    243    731    117     25    466    323   1005    506   1412    798    810    241    562     96    617    240     96     80    472    564    222     11   1434    414    392   1183    948    293    187    582    380    623   1351    111    741    776   1262    829      1   1414    262    343    646    296    222    475    139    536 
lavender           212    569      6     90    376      5    230    168     83     66    421     59      0    411    676    227     55    145    108    207    128    507    116    189     99    418    181    617    674    626    325    319    374    552     37    166    919    254    391    137    552    476    454     84    214    690    160    168    120     83    349     10    296    536     26    314    152    204    108    702 
leek              1526   6576   7563   2224  11229   4676  13939   7243   5526    710   4285    584   2923   8318   1388    306   5069   3650  11489   5261  16276   8739   9633   2564   6151   1187   7230   2807    959   1101   5000   6265   2707     97  16441   4524   4160  13942  10817   3165   2240   6452   4537   7127  15637   1319   8419   8400  14655  10130     57  15914   2687   3871   7403   3577   2308   5589   1581   6363 
lentil            3494     78    534    952    228   4994   1082    111   3341   1691   1285   1142   1989    136    257    616   1076   3813   2315    637    203   1079   1385   3589   1614    625   1486   2048    961   3055   2165    170   3536   1010    236   2162    245   1745    542   4316   1162    802    891   2846     54    677    635   3221    142    326    240    560     92    970   2555   2653   3541   2530   2986    455 
lettuce            354    304    857   1130    300     49     49    990    431   1016    288   1059    992    546    512   1205    783    219     83    830    197     93    491    360    615    723    401     86    363     29    316    796     39    553    392    522     71      0    261    246    471    428    426    111    249    438    440     17    254    618    993    460   1201    244    275    355    185    290    675    272 
lime               394   1001      6    145    619     19    393    223    130     93    770     80     10    732   1089    392    104    234    202    383    225    966    178    293    163    761    249   1028   1176   1030    529    627    603   1065     86    283   1555    403    730    227    939    683    857    161    383   1182    287    359    239    161    631     22    545    957     42    533    298    353    183   1184 
maize               63    322    313     94    492    200    574    327    243     25    187     22    138    358     52     11    228    150    483    231    697    376    424    123    271     60    340    138     42     48    207    261    113      8    738    183    203    562    479    138     96    295    196    273    675     52    370    364    636    404      2    669    115    179    313    162     98    212     65    244 
mango               68      2      8     17      2     87     21      1     41     26     16     17     44      3      2      9     19     57     44     11      1     12     22     59     24     13     28     36     21     54     36      4     51     13      2     37      3     33      5     78     17     10     18     42      1     12     10     41      2      6      5      7      3      8     44     37     55     37     48     11 
melon              701     12    109    162     39    972    187     22    678    342    318    213    371     28     63    129    221    735    484    125     34    229    295    736    332    121    304    389    208    615    439     29    733    196     62    483     49    373     93    924    226    168    196    580      7    133    123    669     27     76     42    108     22    201    484    565    742    507    638     93 
mulberry          1246     27    189    311     68   1808    378     38   1229    644    488    416    749     57     94    230    379   1351    873    256     68    399    517   1373    621    213    545    751    346   1164    776     61   1277    370     88    804     87    656    195   1560    398    270    371   1090     25    248    212   1132     40    124     76    189     53    383    887    995   1298    959   1059    170 
mushroom          2315   1992   5679   7766   2200    353    325   7187   2684   6211   1992   7722   6851   4053   3463   8543   5453   1654    542   5628   1475    664   3669   2350   4480   5221   2720    668   2478    209   2135   5549    344   3502   2517   3463    550      4   1799   1719   3121   2625   2582    769   1692   3032   3080    119   1470   4370   7051   2966   7540   1625   1904   2071   1320   1848   4571   1757 
mustard              8     21      1      3     11      0      6      3      4      4     13      4      0     10     24      7      2      4      1      5      5     20      3      5      5     17      6     18     26     23     12     12     15     15      1      5     36      5     13      9     28     16     19      2      3     23      4      8      3      3     11      0     12     25      0     17      3      5      6     22 
nectarine         4687    113    726   1242    235   6839   1476    150   4401   2381   1830   1434   2710    202    349    798   1396   5028   3133    836    249   1495   1966   4856   2170    898   2093   2832   1271   4038   2809    269   4823   1376    323   2905    299   2355    707   5956   1464   1029   1165   4070     77    974    821   4309    189    464    282    749    170   1353   3307   3739   4769   3306   3969    587 
okra              3021     80    445    775    171   4341    915     95   2856   1518   1210    980   1753    103    234    540    901   3305   2122    580    150   1008   1293   3191   1454    508   1388   1765    864   2621   1863    167   3241    878    219   1917    218   1614    476   3750    979    718    775   2493     40    602    475   2813     97    302    198    480     93    875   2185   2347   3078   2235   2567    395 
olive              947     24    154    273     65   1399    305     28    915    485    363    289    584     45     66    167    285   1031    628    157     59    310    393   1005    454    174    444    547    247    783    581     59   1075    287     76    579     72    510    129   1225    288    225    258    852      8    195    183    888     38     89     74    142     29    274    697    728    924    692    862    130 
onion              649     15     91    180     40    950    200     31    579    303    237    199    364     26     49    111    226    719    396    123     39    183    261    701    293    134    260    399    187    532    418     36    645    176     28    382     47    322    107    762    196    148    164    535      5    143    119    565     25     59     59     84     14    174    441    518    631    485    550     82 
orange             190      3     32     49     16    221     50      7    160     90     69     47    101      7     15     40     47    181    123     29     16     67     87    187    111     36     63    115     47    168    115      6    187     56     11     98     18     96     34    235     55     45     49    138      2     33     28    180      8     25      8     26      6     50    120    157    167    126    159     24 
oregano           1813     37    234    444     82   2506    577     67   1692    852    708    603    979     75    133    291    526   1898   1227    309    110    566    731   1816    823    272    770    971    489   1545   1078     95   1848    532    157   1118    124    879    273   2124    565    387    424   1541     30    348    276   1596     79    162    125    258     57    482   1225   1369   1863   1289   1486    255 
papaya            1716   1866   4403   5135   2470    683   1566   5280   2325   4066   1713   4881   4649   3310   2287   5457   3962   1345   1489   4000   2539   1295   3186   1692   3403   3331   2396    705   1613    226   1896   4096    495   2281   3386   2600    790   1466   2224   1430   2198   2284   2151   1142   2594   2062   2795    846   2470   3799   4387   3496   4965   1385   1911   1716   1063   1688   2926   1750 
parsley            452      8     71    123     26    677    142     11    453    226    193    156    242     21     39     90    117    534    313     89     24    161    208    470    220     87    202    299    148    393    262     32    529    132     39    311     35    240     68    595    152    111    137    395      6     97     89    441     21     39     32     93     18    130    319    354    452    333    370     58 
parsnip            366    317    819   1151    317     52     45   1114    404   1040    333   1200   1061    620    541   1331    889    283     87    820    215    121    619    384    695    768    421    112    341     27    339    850     54    564    389    572     94      1    291    258    502    408    430    112    268    481    471      7    237    708   1117    470   1185    265    293    344    209    280    681    267 
pea               1997     40    307    531    106   2763    627     60   1847    971    757    664   1158     65    154    330    600   2105   1241    371    119    629    874   2077    925    326    885   1155    531   1709   1234    105   2082    574    153   1187    132   1027    292   2424    643    447    494   1736     33    355    353   1820     70    175    111    312     62    565   1460   1510   2041   1406   1605    252 
peach              688     15    109    190     47   1057    231     29    656    374    296    224    416     27     57    126    226    756    477    142     47    223    302    792    334    120    279    404    195    592    433     38    775    235     47    455     54    367    128    932    245    192    190    618      9    148    124    662     22     77     45    123     18    220    486    575    741    463    610    112 
pear              3724     77    590   1051    220   5298   1169    128   3555   1928   1464   1223   2197    143    291    694   1118   4063   2572    714    235   1196   1546   3991   1849    679   1651   2234   1013   3260   2259    185   3920   1199    276   2372    254   1999    571   4708   1226    851    967   3241     54    739    685   3367    129    354    217    627    121   1057   2606   2949   3793   2649   3207    527 
pepper             738   1820     19    227   1137     23    665    448    242    176   1352    156     14   1287   2023    687    162    406    390    632    438   1594    342    553    255   1348    482   1935   2102   1816    965   1103   1088   1897    142    478   2790    721   1190    366   1636   1316   1612    254    624   2233    552    574    388    274   1124     42    985   1685     63    956    516    646    331   2189 
persimmon           25     28     61     87     21      4      5     76     31     70     16     89     71     59     40     91     73      9      6     65     21      5     42     31     54     56     30      3     18      2     21     76      5     62     23     43     10      0     27     18     48     27     29     10     15     38     32      0     18     54     70     39     90     24     24     16     11     20     51     22 
pineapple         1033   2468     35    319   1645     38    979    667    304    258   1852    185      8   1740   2910    881    258    603    524    878    662   2249    469    745    387   1856    697   2673   3026   2706   1360   1552   1488   2558    193    644   3742   1037   1819    522   2352   1900   2082    350    900   3005    756    808    535    358   1621     49   1383   2338    121   1424    703    880    438   3016 
plantain          1012    847   2265   3159    891    128    125   2986   1186   2660    871   3190   2833   1682   1412   3647   2289    713    234   2294    608    303   1527    981   1875   2189   1180    263   1015     84    969   2309    138   1425   1080   1425    215      3    745    722   1364   1094   1155    300    716   1295   1238     46    637   1818   2955   1300   3051    659    792    891    554    697   1835    782 
plum                25     94    118     35    179     75    190    100     68      7     48      7     51    131     24      4     82     48    166     86    276    120    161     42     81     12    107     39     11     11     75    106     47      0    265     75     55    222    165     44     26    105     79     94    233     22    134    139    234    139      0    237     38     63    120     43     44     86     22    119 
pomegranate        213    155    453    663    155     19     22    596    229    553    152    619    536    356    286    741    475    149     43    476    108     56    312    207    356    474    229     66    217     18    202    447     29    291    213    306     43      1    149    143    239    213    228     55    144    258    249      9    138    377    575    266    585    137    158    182    113    145    380    125 
potato             648     13     91    193     39    973    222     22    667    334    274    210    394     30     50    113    189    707    424    145     27    195    252    674    297    127    307    426    166    606    399     34    649    216     48    433     42    330     88    833    195    153    163    566     15    133    127    621     29     60     26     97     22    207    448    536    694    502    542     94 
pumpkin           1510     35    228    422     84   2224    471     34   1447    731    609    482    891     63    107    265    406   1540    989    260     76    463    567   1493    705    261    637    839    411   1359    955     77   1566    434    111    932    118    783    247   1916    488    349    384   1272     12    313    278   1407     60    163     81    262     57    429   1058   1176   1557   1036   1267    232 
quince             798     17    118    236     51   1134    235     23    803    405    285    232    474     46     57    162    223    844    541    162     47    252    349    824    358    150    356    437    199    727    509     43    820    260     60    525     64    444    119    955    246    179    189    660      8    177    149    781     23     78     48    125     29    207    539    603    800    606    690    103 
radish            1237   3234     32    438   1931     37   1163    783    410    318   2421    264     14   2279   3626   1206    277    722    668   1130    804   2838    582   1035    493   2408    839   3448   3895   3408   1673   2030   1903   3267    275    857   4844   1342   2142    676   2998   2378   2700    462   1211   3816    987   1041    664    498   2088     84   1741   2991    142   1742    900   1122    595   3909 
raisin            1345   3332     33    462   2198     61   1313    872    467    327   2581    281     10   2380   3777   1320    311    735    696   1161    808   3018    576   1026    527   2482    896   3417   3902   3488   1798   2042   1949   3405    263    897   5125   1320   2297    702   3202   2518   2927    464   1231   3902   1054   1081    740    515   2150     89   1848   3252    154   1740    919   1223    613   3956 
raspberry           54      0      7     14      1     63     14      3     45     28     24     13     42      5      4     10     16     53     33      8      3     13     13     59     28      9     24     31      9     39     29      3     40      7      3     40      4     29      7     62     14      7     17     44      0     13     21     43      1      8      3      7      0     16     34     43     62     29     36     11 
rhubarb           2911     63    448    735    189   4161    934    104   2746   1388   1099    979   1771    119    188    504    872   3123   1927    544    150    905   1164   3128   1354    514   1221   1625    807   2518   1786    168   3006    842    245   1759    217   1509    452   3532    958    634    820   2486     49    598    516   2650    113    274    167    464     85    843   2076   2291   2977   2105   2478    390 
rosemary           985    827   2364   3154    914    109    125   2835   1087   2625    822   3218   2799   1667   1404   3546   2264    642    229   2361    571    267   1501    967   1851   2167   1097    248    977     75    907   2152    136   1449   1116   1412    230      2    703    683   1286   1166   1087    321    726   1280   1235     35    673   1805   2839   1231   3059    656    802    854    501    712   1825    668 
rutabaga           897   2240     20    283   1425     42    911    552    318    259   1739    192      8   1614   2530    841    216    505    471    819    528   1974    399    646    332   1779    580   2238   2692   2295   1168   1454   1344   2367    173    533   3404    923   1502    427   2111   1641   1969    319    857   2594    650    743    486    369   1425     58   1202   2119     89   1136    583    806    409   2663 
sage              2622   2296   6273   8471   2356    332    371   7930   3096   6862   2261   8501   7699   4406   3760   9695   6112   1854    619   6188   1590    771   4003   2688   5062   5850   2964    679   2722    243   2436   6101    369   3932   2873   3830    584      3   2009   1893   3617   2886   2958    846   1902   3444   3441    102   1697   4915   7767   3297   8282   1814   2117   2334   1393   1896   4932   1935 
scallion          1335     31    193    362     79   1981    423     38   1282    666    527    410    786     48     98    217    409   1408    889    244     70    432    534   1395    637    252    614    789    370   1174    813     78   1408    380    106    859    103    655    219   1683    423    295    348   1121     19    269    217   1129     70    135     89    204     46    398    964   1108   1385    971   1186    178 
spinach            755     16    121    188     46   1176    272     27    731    373    307    232    427     31     57    131    245    799    550    165     39    267    313    842    374    115    359    480    190    717    465     46    786    209     57    481     53    423    117    967    270    173    212    641     16    154    156    710     33     81     43    130     24    219    554    592    822    585    671    103 
strawberry        2209   5605     52    739   3440     81   2116   1436    831    587   4305    473     25   3987   6215   2117    557   1241   1125   1961   1374   4982   1083   1717    870   4113   1467   5664   6867   5944   3045   3453   3426   5842    429   1495   8637   2360   3794   1150   5253   4081   4838    839   2104   6543   1613   1819   1166    906   3697    130   3098   5368    223   2982   1500   1916   1016   6763 
tamarind           400   1669   2025    592   3047   1290   3615   1929   1506    178   1097    132    745   2139    330     80   1372    976   2934   1411   4243   2300   2592    745   1608    277   1968    710    266    276   1339   1592    693     17   4361   1178   1121   3705   2806    797    643   1733   1116   1775   4104    346   2263   2152   3904   2671     22   4135    709    996   1926    925    647   1487    404   1638 
tangerine          245    183    510    710    197     39     22    668    230    575    178    688    616    354    296    726    474    143     43    488    145     64    317    220    394    483    254     59    223     15    204    483     38    333    237    310     53      0    155    163    289    270    242     67    142    271    300     10    138    431    661    268    683    160    198    179    131    162    423    175 
thyme             1013    875   2516   3283    947    153    150   3038   1227   2763    772   3280   3002   1690   1459   3743   2437    717    235   2432    594    273   1600   1070   1887   2275   1254    293   1058     71   1008   2309    146   1544   1150   1483    245      1    746    758   1418   1081   1117    289    745   1361   1308     36    687   1999   3020   1356   3301    711    848    990    535    771   1903    788 
tomato            1401     42    224    407     93   2107    466     52   1387    716    609    494    866     60    119    257    412   1524    969    245     81    441    604   1508    722    238    644    876    418   1251    856     95   1528    449    114    927    112    771    188   1890    438    323    387   1261     21    302    272   1341     61    145     85    241     50    433   1034   1164   1470   1042   1317    182 
turnip            1075     14    156    257     65   1512    322     40   1002    555    432    354    556     45     98    175    347   1107    679    199     56    351    419   1049    468    187    487    586    277    909    609     53   1073    337     72    672     84    524    167   1327    348    221    256    888     19    179    193    947     38    103     60    166     34    333    724    815   1063    754    928    153 
wasabi              46    110      1     12     83      3     36     32     10     13     78      7      3     95    128     46     16     23     22     30     28     99     20     24     10     89     20    111    127    119     65     62     62    112     11     32    164     42     72     37    119     79     97     15     39    132     21     39     16     18     70      6     59    129      1     63     30     39     16    133 
watercress         286    644     11     82    423     15    288    162     88     71    509     61      4    454    719    264     60    163    134    232    161    614    123    202    121    470    171    674    820    651    365    404    377    669     55    183   1016    277    444    129    615    476    547     92    245    756    206    226    136     99    389     16    356    641     28    365    156    237    129    780 
watermelon         205    737    922    235   1267    524   1579    847    656     86    536     71    315    950    168     29    607    421   1310    613   1883    983   1034    326    755    145    863    337    112    125    612    695    292      4   1941    501    472   1559   1255    368    246    792    548    800   1822    171    977    958   1718   1172      5   1826    288    462    820    405    255    699    171    732 
yam                122    583    617    187    950    350   1129    585    447     62    365     47    232    705    112     25    431    300    971    433   1364    702    783    199    494     77    584    230     73     93    423    518    222      9   1392    357    327   1102    903    290    161    540    367    575   1208    114    696    654   1196    814      4   1285    222    337    587    288    180    455    138    553 
zucchini           224      5     32     47     12    290     57     11    216     94     94     49    111     15     22     33     66    210    136     39     16     64     85    216     82     35    104    121     48    191    121     16    214     57     19    134     17    111     21    222     66     51     48    180      3     29     26    163      5     19      8     34      5     61    135    166    212    149    168     31 
