                4hr    4hr    8hr    8hr   16hr   16hr   24hr   24hr 
               +-20    +-2   +-20    +-5    +-5   +-20    +-2   +-20 
------------ ------ ------ ------ ------ ------ ------ ------ ------ 
anise         23.76  23.19  33.33  29.36  58.09  53.23  32.63  23.48 
kiwi          74.46  54.53  59.97  24.63  34.45   0.00  62.12  25.04 
carrot        62.08  72.83  31.45  49.08  12.61  18.49  76.04  91.07 
grape         55.74  43.46  55.83  65.21  40.75  57.33  18.13  29.24 
tangerine      0.00  18.83  28.75  39.69  65.80  45.29  17.48  61.24 
melon         48.00  27.93  53.07  57.49  60.84  57.65  17.38   3.83 
clementine    72.22  56.16  49.29  72.70  30.23  42.15  32.11   0.00 
spinach       39.62  27.26   0.00  33.72  59.37  70.99  47.72  29.73 
beet          61.48  43.18  15.43  28.25  37.14  43.53  61.96  40.37 
huckleberry   36.77  31.89   0.00  20.23  51.81  87.98  53.55  66.11 
lentil        53.58  68.50  83.86  78.84  15.83   9.53  43.90   0.00 
cauliflower   49.54  65.97  77.94  54.80   9.68  30.73  54.75  20.60 
